DIM 256 512
RGB 0.95 0.5 0.5
TRI -1 0 -1 1 1 1
RGB 0.5 0.95 0.5 
TRI -1 0 1 0 1 1
RGB 0.0 0.5 0.5
LINE -0.99 0.0 0.0 -1.0
RGB 0.1 0.5 0.5
LINE -0.99 0 0 -0.9
RGB 0.2 0.5 0.5
LINE -0.99 0 0 -0.8
RGB 0.3 0.5 0.5
LINE -0.99 0 0 -0.7
RGB 0.4 0.5 0.5
LINE -0.99 0 0 -0.6
RGB 0.5 0.5 0.5
LINE -0.99 0 0 -0.5
RGB 0.6 0.5 0.5
LINE -0.99 0 0 -0.4
RGB 0.7 0.5 0.5
LINE -0.99 0 0 -0.3
RGB 0.8 0.5 0.5
LINE -0.99 0 0 -0.2
RGB 0.1 0.1 0.1
TRI 0 0 0.99 0.0 0.0 -0.1
RGB 0.2 0.2 0.2
TRI 0 -0.1 0.99 0.0 0.0 -0.2
RGB 0.3 0.3 0.3
TRI 0 -0.2 0.99 0.0 0.0 -0.3
RGB 0.4 0.4 0.4
TRI 0 -0.3 0.99 0.0 0.0 -0.4
RGB 0.5 0.5 0.5
TRI 0 -0.4 0.99 0.0 0.0 -0.5
RGB 0.6 0.5 0.6
TRI 0 -0.5 0.99 0.0 0.0 -0.6
RGB 0.7 0.5 0.7
TRI 0 -0.6 0.99 0.0 0.0 -0.7
RGB 0.8 0.5 0.8
TRI 0 -0.7 0.99 0.0 0.0 -0.8
