DIM 512 512
RGB 1 0 0
LINE 0 0.2    0 0.8 
RGB 1 0.5 0
LINE 0.2 0    0.8 0 
RGB 1 0 0.5
LINE 0 -0.2    0 -0.8 
RGB 1 0.5 0.5
LINE -0.2 0    -0.8 0 
RGB 0 1 0
LINE 0.14 0.14   0.56 0.56 
RGB 0.5 1 0
LINE -0.14  0.14   -0.56 0.56 
RGB 0 1 0.5
LINE -0.14 -0.14   -0.56 -0.56 
RGB 0.5 1 0.5
LINE 0.14 -0.14    0.56 -0.56 
RGB 0 0 1
LINE 0.18 0.08   0.74 0.31 
RGB 0.5 0 1
LINE 0.08 0.18   0.31 0.74 
RGB 0 0.5 1
LINE -0.18 0.08   -0.74 0.31 
RGB 0.5 0.5 1
LINE -0.08 0.18   -0.31 0.74 
RGB 1 1 .5
LINE -0.18 -0.08   -0.74 -0.31 
RGB 1 .5 1
LINE -0.08 -0.18   -0.31 -0.74 
RGB .5 1 1
LINE 0.18 -0.08   0.74 -0.31 
RGB .5 .5 .5
LINE 0.08 -0.18   0.31 -0.74 
RGB 0 0 0
LINE 0 0    0 0 